Chemical,	Treatment,	RS,	T50,	std.d
Aten,	4,	0.0125786163522013,	30,	0.010
Atra,	4,	0.0692640692640693,	7,	0.054
Benz,	4,	0.156551509492686,	30,	0.064
Busp,	4,	0.0211306533334747,	7,	0.019
Caff,	4,	0.220694338341397,	7,	0.108
CarbA,	4,	0.125541125541126,	7,	0.146
Carb,	4,	0.074756309450187,	30,	0.053
Chlpyr,	4,	0.0204198317405865,	7,	0.014
Clotet,	4,	0.066955428869439,	30,	0.040
Cita,	4,	0.0528646755061849,	30,	0.029
Clot,	4,	0.0939312260066977,	7,	0.090
Cyha,	4,	0.111288082986196,	14,	0.076
DEET,	4,	0.171356421356421,	14,	0.084
Eryt,	4,	0.0208125208125208,	7,	0.014
Esfe,	4,	0.0521978021978022,	30,	0.024
Imid,	4,	1.55411255411255,	14,	0.945
Keto,	4,	0.0666000666000666,	7,	0.069
Mala,	4,	0.064935064935065,	7,	0.057
Metf,	4,	0.0442828316449647,	7,	0.025
Meto,	4,	0.0802783914305596,	30,	0.047
Oflo,	4,	0.0633292604798188,	30,	0.026
Oxyt,	4,	0.0816805974494171,	30,	0.044
Perm,	4,	0.334415584415584,	14,	0.178
Sulfzine,	4,	0.269800430177789,	30,	0.136
Sulfxine,	4,	0.100015502402872,	30,	0.134
Sulfmeazole,	4,	0.089126559714795,	7,	0.154
Tetr,	4,	0.0334260809809786,	7,	0.036
Thia,	4,	0.00424412189118072,	7,	0.007
Trim,	4,	0.064935064935065,	7,	0.057
Venl,	4,	0.100436739881953,	7,	0.074
Aten,	15,	0.0195894252498026,	30,	0.0275
Atra,	15,	0.0205627705627706,	14,	0.0104
Benz,	15,	0.172311348781937,	30,	0.1026
Busp,	15,	0.0126783920000848,	7,	0.0127
Caff,	15,	0.151842843919675,	30,	0.132
CarbA,	15,	0,	0,	0.0000
Carb,	15,	0.116161616161616,	30,	0.118
Chlpyr,	15,	0,	0,	0.0000
Clotet,	15,	0.0691104031469986,	30,	0.0537
Cita,	15,	0.0671185188388296,	30,	0.063
Clot,	15,	0.0238296818485498,	30,	0.0526
Cyha,	15,	0.189029299541429,	30,	0.132
DEET,	15,	0.243172465394688,	30,	0.164
Eryt,	15,	0,	0,	0.0000
Esfe,	15,	0.0773254523254523,	30,	0.0888
Imid,	15,	0.990231990231991,	30,	0.7335
Keto,	15,	0.0440670440670441,	30,	0.0446
Mala,	15,	0.012987012987013,	7,	0.0130
Metf,	15,	0.0221414158224823,	7,	0.0192
Meto,	15,	0.0836764185810595,	30,	0.0663
Oflo,	15,	0.0815890351893432,	30,	0.0899
Oxyt,	15,	0.16972591677801,	7,	0.0653
Perm,	15,	0.310626480437801,	30,	0.1828
Sulfzine,	15,	0.325696316262354,	30,	0.339
Sulfxine,	15,	0.105759448270037,	30,	0.178
Sulfmeazole,	15,	0.0405193523950461,	30,	0.049
Tetr,	15,	0.00830396351414249,	30,	0.0164
Thia,	15,	0.0254647313470843,	7,	0.0127
Trim,	15,	0.0242587601078167,	30,	0.0277
Venl,	15,	0.0742358512170957,	7,	0.0722
Aten,	30,	0.0358844509787906,	30,	0.0432
Atra,	30,	0.0320006790595026,	30,	0.0197
Benz,	30,	0.146365616953852,	30,	0.0701
Busp,	30,	0.0126783920000848,	7,	0.0000
Caff,	30,	0.14798127043025,	30,	0.0484
CarbA,	30,	0.0753968253968254,	30,	0.0579
Carb,	30,	0.0609741732190712,	30,	0.0429
Chlpyr,	30,	0.00405875667930175,	30,	0.0046
Clotet,	30,	0.10451625246164,	14,	0.0328
Cita,	30,	0.0621203312657253,	30,	0.0278
Clot,	30,	0.0398186718941436,	14,	0.0350
Cyha,	30,	0.0908682512456097,	14,	0.1021
DEET,	30,	0.147836912542795,	30,	0.0263
Eryt,	30,	0.00421800421800422,	30,	0.0047
Esfe,	30,	0.0546953046953047,	30,	0.0155
Imid,	30,	2.26406926406926,	7,	2.8203
Keto,	30,	0.047008547008547,	30,	0.0128
Mala,	30,	0.0321067821067821,	30,	0.0408
Metf,	30,	0.00553535395562058,	7,	0.0096
Meto,	30,	0.123603237599433,	14,	0.0388
Oflo,	30,	0.0994806972858571,	30,	0.0294
Oxyt,	30,	0.12835522456337,	14,	0.0419
Perm,	30,	0.335702033815241,	30,	0.1366
Sulfzine,	30,	0.470295951428027,	30,	0.1355
Sulfxine,	30,	0.187862452013395,	7,	0.0255
Sulfmeazole,	30,	0.0509294626941686,	7,	0.0459
Tetr,	30,	0.0112996971869661,	30,	0.0100
Thia,	30,	0.0169764875647229,	7,	0.0074
Trim,	30,	0.0305752947262381,	30,	0.0119
Venl,	30,	0.0535133301821632,	30,	0.0359
Aten,	45,	0.051948051948052,	7,	0.0450
Atra,	45,	0.155844155844156,	7,	0.2370
Benz,	45,	0.502164502164502,	7,	0.3193
Busp,	45,	0.00422613066669493,	7,	0.0073
Caff,	45,	0.564468211527035,	7,	0.5046
CarbA,	45,	0.432900432900433,	7,	0.4261
Carb,	45,	0.0735930735930736,	7,	0.0456
Chlpyr,	45,	0.0694274279179939,	7,	0.0990
Clotet,	45,	0.254286964752031,	7,	0.2278
Cita,	45,	0.212366250102099,	7,	0.1899
Clot,	45,	0.318549375153149,	7,	0.4996
Cyha,	45,	0.183778485665278,	7,	0.1728
DEET,	45,	0.186819958061788,	30,	0.1188
Eryt,	45,	0.0707625707625708,	7,	0.1009
Esfe,	45,	0.0526418026418027,	30,	0.0233
Imid,	45,	2.45887445887446,	7,	1.0450
Keto,	45,	0.245587745587746,	7,	0.3389
Mala,	45,	0.112554112554113,	0,	0.1275
Metf,	45,	0.00553535395562058,	7,	0.0096
Meto,	45,	0.300725402819239,	7,	0.2694
Oflo,	45,	0.404312668463612,	7,	0.3714
Oxyt,	45,	0.254588875167015,	7,	0.2295
Perm,	45,	0.748917748917749,	7,	0.7124
Sulfzine,	45,	1.89177489177489,	7,	1.6804
Sulfxine,	45,	0.657518582046884,	7,	0.7366
Sulfmeazole,	45,	0.199473728885494,	7,	0.3130
Tetr,	45,	0.042478977913327,	30,	0.1070
Thia,	45,	0.029708853238265,	0,	0.0515
Trim,	45,	0.225108225108225,	7,	0.3562
Venl,	45,	0.240174812761192,	7,	0.3294
